Roots:  0.680375 -0.211234  0.566198   0.59688
Polynomial: -0.04857.x^0+ 0.00860842.x^1+ 0.739882.x^2+ -1.63222.x^3+ 1.x^4
Evaluation of the polynomial at the roots: -2.08167e-17            0            0  2.08167e-17